;"PC-1";"PC-2";"PC-3";"PC-4";"PC-5";"PC-6"
"1";0,001051201;-0,0009129426;0,0001742915;0,0001554926;-1,590927E-05;7,501942E-05
"2";0,001035046;-0,0008014064;0,0001882785;0,0001572716;-1,966131E-05;8,828635E-05
"4";0,000529861;0,0002035021;0,0002739858;-0,0001699108;4,766056E-05;0,0001707674
"5";0,001125051;-0,0005112297;-2,097407E-05;-0,0001663689;0,0001853231;0,000203697
"6";0,001108449;-0,0003433668;-4,445732E-05;-0,0002095121;0,0001001836;0,0003144188
"7";0,001117594;-0,0002942184;-7,656698E-05;-0,0002251874;0,000251313;0,0001739889
"8";0,001068479;-0,0004051398;-2,9214E-05;-0,0002003745;0,0002007227;0,0002615565
"9";0,0008663204;-0,0001220719;0,0001475844;0,0002602934;5,368794E-05;0,0002491204
"10";0,0008941434;-8,693539E-05;0,0001464477;0,0002338693;5,291559E-05;0,0002753871
"12";0,0008658702;0,0001632732;5,327857E-05;0,0002597053;7,403522E-05;0,000116834
"13";0,0008818604;-3,636646E-05;7,663549E-05;0,0002655732;4,021466E-05;0,00015491
"14";0,0008734796;-5,398868E-05;9,453794E-05;0,0002249551;6,350896E-05;0,000145726
"15";-0,001074212;8,465136E-05;7,128983E-08;0,0001345873;2,287251E-05;-4,860315E-05
"16";-0,001090604;-5,333277E-07;1,624154E-05;0,0001348592;3,545028E-05;-7,523662E-05
"18#1";0,0009900046;0,0001729967;-1,75407E-05;8,561102E-05;-0,0001159996;1,757157E-05
"19";0,0009143581;0,0007080979;-0,000204094;4,124078E-05;2,65794E-05;-0,0002649943
"20";0,0009038792;0,0006072144;-0,0001976059;-6,21061E-05;1,446531E-05;-0,0002467351
"21";0,0004084409;0,0006087264;-4,155087E-05;0,0004751914;-0,0006393276;0,0003331178
"22";0,0003909433;0,0006420974;-5,97796E-05;0,0005153105;-0,0006371417;0,0003710902
"23";0,0003079666;-0,0002334086;8,11993E-05;-0,0006453639;2,102961E-05;2,03019E-06
"24";0,0005017124;-0,0005102794;0,0001749304;-0,0004460624;-2,825099E-05;7,424112E-05
"25";0,0005367346;-0,0008386415;-0,0002144462;0,0004924893;-1,877742E-05;0,0001335098
"26";0,0003980569;-0,0006603497;-0,0002503638;0,0004715432;-5,366027E-05;0,0001047777
"30";0,0008451877;-0,0002480904;0,0003115495;-0,0001597247;-0,0001097759;-4,942583E-05
"31";0,0008277377;-0,0002218384;0,0003035599;-0,0001876778;-0,0001650552;-3,91353E-05
"33";0,0005886948;6,894191E-05;0,0002332778;-0,0002303814;-0,000246345;-7,544173E-05
"35";0,000843992;-0,0003269943;0,0003145481;-0,0001642643;-0,0001347535;-4,838721E-05
"36#1";0,0008583028;-0,0004007927;0,0003288388;-0,0001293216;-0,0001285719;-3,55666E-05
"37";0,0005324988;-0,0001613546;0,0002573431;-0,0002827775;-0,000206437;-0,0001733885
"38";0,0005771275;0,0002318772;0,0002280304;-0,0002441474;-0,000238587;-3,389836E-05
"40#1";-0,001782423;-0,0001150181;0,0001097981;3,978308E-05;-1,755911E-05;-5,725813E-05
"41";-0,001598446;-2,143992E-05;7,974437E-05;6,217718E-05;-3,144309E-05;-2,727416E-05
"42";4,043801E-05;0,001470029;-0,0001425551;0,0001589396;-1,346994E-05;0,0002393147
"43";-6,773842E-05;0,001345329;-0,0001501512;0,0001824456;-4,188341E-06;0,0002349627
"44";-0,001020137;0,0001787691;2,935693E-05;0,0001214477;-2,843052E-05;-1,521684E-05
"45";-0,001197838;-0,0001213567;2,106965E-05;0,000137501;1,46065E-05;-4,678997E-05
"46";0,0009268023;-0,0002121498;-7,777995E-06;0,0001190369;6,846421E-05;-0,0001082903
"47";0,0008563966;2,259478E-05;-7,312578E-05;0,0001204197;0,0001168685;-0,00017207
"48";0,0009764942;-2,666368E-06;-8,326713E-05;-0,0002012287;0,0002068105;7,762621E-05
"49";0,0009500878;0,0001567511;-0,0001561264;-0,0002712506;0,0001152719;9,984241E-05
"50";0,0007310677;0,0002311887;-2,164153E-06;-0,0004263572;9,764818E-05;-6,792471E-05
"51";0,0008619588;-5,910963E-05;8,807652E-05;-0,0003409039;8,205303E-05;5,142808E-05
"52";0,0007865776;2,557537E-05;-3,959757E-05;-0,000447503;0,000113734;-6,198783E-05
"53";0,0008126317;-2,055479E-05;-2,305177E-05;-0,0004131257;0,0001239018;-3,224166E-05
"54";0,0009948253;-0,001050374;0,000261521;6,7583E-05;6,239308E-05;0,0001696556
"55";0,0009706893;-0,0009083021;0,0002520256;0,0001372907;-6,840203E-05;0,0001641542
"56";0,0008944821;0,0003112923;-7,022665E-05;0,0001336794;-1,144343E-05;-1,685543E-05
"57";0,0009410823;0,000352917;-6,375425E-05;0,0001138464;4,99851E-05;-0,0001198715
"58";0,0009497015;-0,0003280814;0,0001145812;8,606864E-05;2,808786E-05;1,328246E-05
"59";0,000905672;-0,0004457678;6,095984E-05;3,934735E-05;0,0001120868;-5,657438E-05
"60";0,0008411173;0,0003712398;-0,0001413474;0,0001376681;0,0001095404;-0,0001426245
"61";0,0008584314;0,0001955882;-6,251608E-05;0,0001174623;-2,594701E-06;-5,026503E-05
"62";0,0008880989;-0,0004712418;9,478669E-05;0,0001007159;0,0001068902;-3,305171E-05
"63";0,0009228432;-0,0003106071;0,0001023933;0,0001092894;5,444606E-05;-2,178002E-05
"64";0,0008717985;-0,0001813966;-0,0001259814;-4,01312E-06;0,0002196042;-0,0001107271
"65";0,0008543847;0,0001460225;-0,000118592;-2,506711E-05;0,0001648869;-9,63462E-05
"66";-0,0005919402;0,0002623223;-2,118843E-05;9,37399E-05;6,803962E-05;5,001997E-05
"67";-0,0006926281;0,0002489052;-1,112555E-05;8,086694E-05;5,744413E-05;8,60847E-05
"68";-0,0004237976;-4,035721E-05;0,0001915968;-1,164983E-05;-0,0001043076;-7,791615E-05
"69";-0,0003623617;5,818773E-05;0,0001478247;-5,866194E-05;-0,0001066693;-6,325282E-05
"70";-7,015756E-05;-0,0004104641;0,0003160423;-0,0001146805;-0,0001629827;-4,180873E-05
"71";-5,823544E-05;-0,0003471553;0,0003115111;-0,0001277052;-0,0001296298;-6,794218E-05
"72#1";-0,0004893871;-0,0005126052;0,0002312372;0,0001103259;-2,239714E-05;-0,0001983415
"73";-0,0004800092;-0,0004532002;0,0002167916;0,0001235045;-6,716306E-05;-0,0002292487
"74";-0,0002518321;-1,499545E-06;9,163297E-05;6,038365E-05;-7,261635E-06;-2,27796E-05
"75";-0,0002157709;3,614715E-05;9,449017E-05;3,554609E-05;-6,917944E-05;3,262141E-05
"76";-0,0005352862;-0,0005544137;0,0002072271;9,667028E-05;8,932984E-07;-0,0002532472
"77";-0,0004632143;-0,0004106336;0,0001724271;7,55776E-05;-2,150099E-05;-0,0001847335
"78";-0,0003907725;-0,0004397104;0,0001935846;0,0001320681;1,682451E-05;-0,0001748247
"79";-0,0003272343;-0,0002850504;0,0001764251;0,0001087682;-7,859395E-06;-0,0001700601
"80";0,0002428756;-0,0005786663;-0,0002591235;0,000561867;-1,133396E-05;0,0001849866
"81";0,0005239244;-0,0005629415;-0,0002289706;0,0005726946;3,298439E-06;0,0001892041
"82#1";0,0008100636;0,000567308;-0,0002752748;-0,0001769982;0,0002490316;-0,0002000204
"83";0,0007654737;0,0006279725;-0,0003339419;-0,0001763917;0,0003224223;-0,0003836941
"84";0,0008627002;-0,0001130823;-7,32029E-05;-7,905787E-05;0,0001846354;-5,384084E-05
"85";0,00085634;0,0001528889;-0,0001287889;-8,018281E-05;0,0001884559;-8,621447E-05
"86";-0,004795255;0,000260483;-5,866574E-05;-5,494751E-05;9,479875E-05;7,129717E-05
"87";-0,005984823;-5,912509E-05;-2,675697E-05;-0,0001012412;0,0001827093;6,070032E-05
"88";-0,00483037;0,0002739741;-1,832073E-05;-4,662309E-05;6,875808E-05;4,939052E-05
"89";-0,001258383;0,0001053468;-1,306541E-05;0,0001646266;1,935516E-05;9,001782E-06
"90#1";-0,001407557;8,99174E-05;-2,529939E-05;0,0001663067;5,685827E-05;-1,476197E-06
"91";-0,00515509;0,0001951398;2,595333E-05;-5,355224E-05;8,387554E-05;2,117042E-06
"92";-0,006507321;-0,000245401;1,559803E-06;-0,0001166113;0,0001982765;1,53977E-05
"93";-0,00109945;6,40886E-05;7,761864E-05;0,0001807873;9,366185E-05;-3,847642E-05
"94";-0,0009678784;-0,0001968211;5,620355E-05;0,0001765753;0,0001004622;-6,902649E-05
"95";-0,0008332625;0,0001525959;2,331092E-08;0,0001430897;8,370309E-05;1,685518E-05
"96";5,33206E-06;-0,0006255109;-0,0001001965;0,0006408428;-9,02323E-06;0,0002366557
"97#1";0,0001593145;-0,000765612;-0,0001433265;0,000603251;-1,957075E-05;0,0002202763
"98";8,415986E-05;0,0002607237;0,000577057;0,0005458636;4,806335E-05;0,0002063103
"99";8,956854E-05;4,775554E-05;0,0003127593;0,0005791653;5,868916E-05;0,0002104605
"100";4,83378E-06;-0,0003708568;0,000139012;0,0002258074;6,583121E-05;2,776772E-05
"101";0,0002672843;-0,0005130635;0,0001708068;0,000244085;5,084647E-05;7,643483E-05
"102";0,0003794854;-0,0007165813;0,000218847;0,0001250978;-1,038773E-05;9,191308E-05
"103";0,0003881701;-0,0004861724;0,0001716885;0,0001576221;2,351184E-05;9,32E-05
"104";0,0003037217;-0,0004599275;0,0001824305;0,0001645236;1,586705E-05;8,076598E-05
"105";0,0008838088;-0,00078298;0,0002537622;0,0002206719;1,781546E-06;0,0002182265
"106";0,0003058452;-0,0005858464;0,0001696742;0,0001754408;-1,063478E-06;8,37485E-05
"107";0,0002050131;-0,0005117675;0,0001952756;0,0001354643;7,534243E-06;3,644538E-05
"108";0,0004443762;-0,0004481718;0,0001861815;0,0002078801;1,863792E-05;0,0001271166
"109";0,0004232576;-0,0007446397;0,0002084542;0,0001864615;3,529904E-05;0,0001016121
"110";0,0004308381;-0,0003820198;0,0001673296;0,0001610051;3,846505E-05;9,423306E-05
"111";0,0001813084;-0,0002812811;0,0001302137;0,000160904;4,298197E-05;0,0001074873
"112";0,001028083;-0,0005547429;-4,13338E-05;-0,0001449647;0,0001945765;0,0001866471
"113";0,001088731;-0,0001913847;1,743745E-05;-0,0001074307;8,076317E-05;0,0002605834
"114";-0,0009234117;1,441264E-05;4,160621E-05;0,0001461515;3,116602E-05;-1,476825E-05
"115";-0,001067583;8,680078E-05;2,842643E-05;0,0001789115;5,446584E-05;1,816582E-05
"116";0,0008784478;-5,912586E-06;-5,921692E-05;9,564596E-06;0,0002024746;1,386543E-06
"117";0,0008730918;0,0001699105;-0,0001109624;-3,030318E-05;0,0002252561;-1,515351E-05
"118";-0,0002743652;0,0005308161;-8,634759E-05;0,0003180654;8,487409E-05;-0,0003197228
"119#1";-0,0002217822;0,000580588;-5,744678E-05;0,0003356032;0,0001387875;-0,0003811466
"120";-0,0008107482;-2,09209E-05;-9,644446E-06;5,350797E-05;0,0001007819;-4,047483E-05
"121";-0,0009091669;-5,977447E-05;2,651569E-06;3,926333E-05;6,880736E-05;-1,870011E-05
"122";0,0008777818;-0,0006661756;0,0001974812;-2,207818E-05;7,140572E-05;0,0001278539
"123";0,0008679589;-1,496481E-05;7,089287E-05;2,928044E-05;9,410379E-05;-4,749805E-05
"124";-0,0008748471;-0,000174615;0,0001200158;0,0001287531;2,10484E-05;-9,852096E-05
"125";-0,0007104991;-8,438457E-05;0,0001049067;0,0001619923;-1,776667E-05;-6,13996E-05
"126";-0,00106652;1,075189E-05;6,469654E-05;0,0001724462;0,0001255809;-5,936717E-05
"127";-0,001036177;8,435515E-05;2,893113E-05;0,0001782563;5,907742E-05;-1,182093E-05
"128";0,0008754789;-0,0002921552;0,0001135616;0,0002557765;3,846276E-05;-0,000121862
"129";0,0008995813;-0,0003009948;0,0001602808;0,0003566308;1,503768E-05;-0,000115951
"130#1";0,0007316509;0,0004522127;-4,255233E-05;0,0003054684;-6,623348E-05;-0,0004692301
"131";0,0007226937;0,0004871481;-6,147519E-05;0,0002801927;-7,235676E-05;-0,0003473804
"132";0,0007300346;0,001594078;-0,0004682399;0,0003851641;-0,0004484739;-0,001137798
"133";-0,005213414;0,0001381471;-1,293774E-05;-5,164242E-05;0,0001123598;2,89173E-05
"134";-0,006077379;-0,0001041701;4,840724E-05;-0,0001109546;9,623291E-05;-4,84433E-05
"136#1";-0,007644407;-0,0005801152;4,002186E-05;-0,0001696697;0,0002859496;1,938331E-05
"137";-0,004735502;0,0003255414;-8,662491E-05;-5,291087E-05;0,0001597489;0,000118213
"138";-0,004802854;0,0003099827;-7,837044E-05;-1,610494E-05;0,0002152708;0,0001383681
"139";-0,004930058;0,0002447091;-4,870779E-05;-8,652594E-05;8,953661E-05;7,31389E-05
"140";0,0007791977;0,0002032036;-0,0001227325;3,477866E-05;0,0001916543;-0,0002357909
"141";0,0007824853;0,0002306693;-9,060351E-05;5,038589E-05;0,0001145331;-0,0001120982
"142";0,0008649485;-0,0001100198;-3,55997E-05;2,123399E-05;0,0001996099;-7,342258E-05
"143";0,0008455379;6,804622E-06;-7,772302E-05;6,191595E-05;0,0001827301;-7,802124E-05
"144";0,0008540559;-7,448544E-05;0,0004272238;-0,0001562062;-0,000135223;0,0001432864
"145";0,0008579076;-0,0002278907;0,0004602851;-0,0001655198;-7,837536E-05;0,0001648473
"146";0,0006692205;-0,0003090054;0,0005137771;-0,0001257007;-9,897925E-05;0,0001256484
"147";0,0006999364;-0,0003173926;0,0004751714;-8,990158E-05;-6,754136E-05;9,222589E-05
"148";0,0007658093;-0,000389946;0,0005026758;-2,888184E-05;-5,509672E-05;0,0001175019
"149";0,0007718251;-0,000401896;0,0005036832;-6,838772E-05;2,735354E-05;2,896447E-05
"150";0,0009338251;-0,0007868345;0,0001315413;0,0001870334;0,0001308541;0,0001400051
"151";0,0009017118;-0,0002035118;-7,735633E-06;0,000116729;0,0001359495;-3,155343E-05
"152";0,000961882;-5,606141E-05;-1,355247E-05;8,285687E-05;1,652132E-05;-0,0002540837
"153#1";0,001018261;-0,0002720961;-3,318747E-05;2,852148E-05;-9,103226E-05;-0,0002096599
"154";0,0008987155;0,0005663789;-0,00021232;5,535499E-05;4,062724E-05;-0,0004003788
"155#1";0,0009497457;0,0005916457;-0,0002267816;-1,091092E-06;-2,951219E-05;-0,0002799769
"156";0,000827189;-0,0001114213;-9,806851E-05;1,719913E-05;0,0001697865;-0,0001173419
"157";0,0008614537;0,0001327581;-7,5135E-05;4,641661E-05;0,0001340358;-0,0001182698
"158";0,0008311075;-0,0001364432;-0,0001214138;-2,770437E-05;0,000227136;-0,0002299461
"159";0,0007566542;0,000217833;-0,0002008983;-8,284091E-06;0,0002793239;-0,0003325836
"160";0,00076926;0,0002543974;-0,000152475;3,076026E-05;0,0002664682;-0,0003391585
"162";0,0009101934;-2,530945E-05;-7,686012E-05;3,659229E-05;0,0001104537;-0,0001200006
"163";0,0008628459;-0,0003022001;-0,0001055938;5,484564E-05;0,0002174991;-0,0002324432
"164";0,0009793178;-0,0003198629;-6,301422E-06;0,0001114539;9,958698E-05;-5,416018E-05
"165";0,0009769066;-0,0003430661;-3,065519E-06;9,74316E-05;6,708409E-05;-9,541272E-06
"166#1";-0,001549898;0,0003736896;-9,325226E-05;5,299084E-05;0,0001123158;5,995226E-05
"167";-0,001211644;0,0004735705;-5,84153E-05;0,0001074453;0,0001201741;7,697866E-05
"168#1";-0,0009254643;-7,843723E-06;6,60528E-05;0,0001009907;9,204525E-05;-4,917717E-05
"169";-0,0009125375;1,836263E-05;4,960455E-05;9,10726E-05;6,786178E-05;-4,189787E-06
"170#1";0,0008858111;0,0002123053;0,0001310894;0,0003410467;-0,0001449877;0,0003360171
"171";0,0009231908;9,937512E-05;0,0002349037;0,0003858821;-7,665931E-05;0,0002751135
"172";-0,0002325267;-0,0001912668;0,0004776841;0,000976292;0,0001047828;0,000140165
"173";-0,0002183403;-1,186559E-05;0,0003891147;0,0009056423;6,716592E-05;0,000208185
"174";4,25514E-05;-0,0001638694;0,0002991352;0,0006616939;5,973026E-05;0,0001708817
"175";-0,000128925;-4,411882E-05;0,0003585189;0,0006992664;7,148136E-05;0,0001861584
"176";0,0004625978;0,00105396;-0,000214363;0,0001332767;-0,0005510051;-0,0003853836
"177#1";0,0004980944;0,001107523;-0,000219299;9,422032E-05;-0,0006249286;-0,0003255196
"178";-0,004451575;0,0003735647;-1,919715E-05;9,526215E-06;0,0001248057;8,322574E-05
"179";-0,00568091;1,448091E-05;4,036944E-06;-7,044846E-05;0,0001705284;0,0001180999
"180";-0,004844209;0,000253064;-7,088514E-06;-8,726674E-06;0,0001075102;1,099685E-05
"181#1";-0,003896342;0,0005521438;-6,424074E-05;3,392362E-05;7,390919E-05;9,443944E-05
"182";-0,004969662;0,0002137875;-6,878327E-05;-4,503695E-05;0,0001502479;9,139141E-05
"183";-0,004430373;0,0003954501;-2,211694E-06;1,216225E-05;0,0001093027;0,0001510073
"184";-0,001662318;8,668969E-05;2,409304E-05;0,0001321356;9,686079E-05;-8,979601E-05
"185";-0,0012165;0,0002168909;2,740587E-05;0,0001248361;9,102165E-05;-2,812468E-05
"186";-0,006395765;-0,0002169771;-4,166969E-05;-9,680111E-05;0,000177348;5,420882E-05
"187";-0,000115882;0,001147028;-9,560298E-05;0,0001784659;0,0001058293;0,0002460245
"188";-7,886982E-05;0,00117234;-7,970876E-05;0,0001791088;6,764742E-05;0,0002128469
"189";-0,0001600211;0,001173027;-8,728595E-05;0,0001699063;7,841936E-05;0,0002465036
"190";-0,0001253876;0,001166036;-8,823078E-05;0,0001820535;9,976891E-05;0,0001846035
"191";-0,000144388;0,001121577;-9,800744E-05;0,0001382937;9,424726E-05;0,0002370306
"192";-4,659659E-05;0,001076638;-7,14018E-05;0,000180237;9,967439E-05;0,0002550464
"193";-0,0001279207;0,001223004;-7,519725E-05;0,0001626997;9,782689E-05;0,0002485375
"194";-0,0001852063;0,001144359;-0,0001051713;0,0001428342;8,41548E-05;0,0002314547
"195";-0,001325598;0,0001278781;-9,381772E-06;0,0001468419;0,0001024859;-3,472557E-05
"196";-0,00138164;3,190336E-06;1,066444E-05;0,0001768346;9,474564E-05;-5,808152E-05
"197";-0,0001081267;0,0002642405;0,0005192036;-0,0004268766;-0,0001612406;8,462763E-05
"198";-7,739954E-05;0,0001769035;0,0006063631;-0,0005174822;-0,000235972;0,000116704
"199";0,0004910735;0,0009868664;-0,0002349295;0,0002053517;-0,0006709758;-0,0003859951
"200";0,0004756309;0,0009141806;-0,0002330034;0,0002221433;-0,0007530695;-0,0004383323
"201";-0,005256061;0,0001415142;-1,042159E-05;-5,991655E-05;0,0001825347;9,479761E-05
"202";-0,005651866;5,186287E-05;-6,118464E-05;-7,019177E-05;0,0002374282;0,0001482329
"203";0,0008746568;-0,0003710825;-6,623404E-05;4,18305E-05;0,0001902139;-0,0001389605
"204";0,0008830422;-0,000195285;-0,0001102327;-7,086094E-07;0,0001975259;-7,987933E-05
"205";0,0008425317;0,0002278045;-0,0001739148;-7,960164E-05;0,000189517;-0,0001344375
"206";0,0008193202;0,0004073152;-0,0001849695;-1,104774E-05;0,0002250898;-0,0002205667
"207";0,0005271359;-0,0006243921;-0,0001114468;0,0004794499;-4,08572E-05;0,0001299203
"208";0,0004885045;-0,0005995104;-0,000231231;0,0004749284;-3,378753E-05;0,0001343517
"209";-0,0006701162;-0,0001906411;4,996168E-05;2,645533E-06;9,992231E-06;0,0002076723
"210";-0,0008232054;-0,0001290089;6,115232E-05;1,036431E-05;-2,632E-05;0,0002614554
"211#1";-0,0001409629;-0,001427416;0,0004296114;0,0001280566;-9,705723E-05;-5,817726E-05
"212";-1,024922E-05;-0,001163424;0,0003882405;0,0001361075;-5,159485E-05;-4,47987E-05
"213";0,0003521201;-0,0002004921;0,0002126271;0,0001224418;1,992456E-05;0,0001014099
"214";0,0004367647;-0,0002663415;0,0002139424;0,0001150969;1,35305E-05;0,0001021287
"215";0,0003901527;-0,0001948145;0,0003132263;1,437882E-06;0,0001030864;0,0002818548
"216";0,0004417379;-9,534399E-05;0,0003260351;-1,407071E-05;0,0001133791;0,0002498023
"217";-0,0006247042;-0,0002145826;0,0001786853;5,893347E-05;-5,532271E-05;0,0001310461
"218";-0,0006206497;-0,0003660237;0,0002093269;7,367026E-05;-2,07917E-05;8,241837E-05
"219";-0,001420678;-0,0001400412;3,279655E-06;-5,71728E-06;-7,485307E-05;8,625931E-05
"220";-0,001479964;-3,10952E-05;-7,477419E-05;1,536939E-05;-4,713357E-05;0,0001380256
"221";-0,0003092157;-0,0004895758;0,0001436562;-3,842332E-05;-0,0001008016;0,0001673044
"222";-0,0002823304;-0,0006372637;0,0001613317;-9,698279E-06;-0,0001293533;0,0001552553
"223";-0,0006991787;-0,0002204677;0,000165923;-1,528622E-05;-0,0001012366;0,0002157966
"224";-0,0004482784;-0,0001349289;0,0001421297;1,480774E-05;-5,767392E-05;0,000191821
"225";-0,0006884438;-0,0006092343;0,0003174799;4,770837E-05;1,305662E-05;9,488798E-05
"226";-0,0005857002;-0,0006376514;0,0003421881;4,266417E-05;2,814754E-05;8,521329E-05
"227";-0,001480079;-9,692943E-05;3,734571E-05;2,123813E-05;-2,913477E-05;0,0001809612
"228";-0,001632824;-0,0001988375;6,310939E-05;-2,424338E-05;-3,955472E-05;0,0001670503
"231";-0,0004017107;-0,001535762;-0,002857444;-0,0003112928;-0,0006536449;0,0003198243
"232";-0,0004306749;-0,001329438;-0,002672972;-0,0002714052;-0,0006119946;0,0003817435
"233";-0,0003110505;-0,0009796731;-0,002402782;-0,0002384319;-0,0005790704;0,0002925784
"234";-0,0001181291;-0,001203555;-0,002649567;-0,0002214763;-0,0006010622;0,0002206687
"235";-0,0008071499;0,0004073823;-0,0002077776;-0,0001527518;-0,000262898;-0,0001123694
"236";-0,0007472421;0,0004929092;-0,000230892;-0,000130325;-0,0002568136;-5,273128E-05
"237";-0,001615454;-3,03616E-05;2,691386E-05;4,119374E-05;5,281661E-06;7,489701E-05
"238";-0,001961571;9,253824E-05;5,960073E-06;2,486305E-05;9,217631E-06;0,0001008488
"239";-0,0007977718;-0,0003144802;4,765695E-05;0,0001253123;-0,0004346419;-0,000216988
"240";-0,0008479484;-0,0004388861;3,437842E-05;7,084056E-05;-0,0004237308;-0,0003174217
"241";-0,0007477562;-0,0004292691;6,006777E-05;7,090497E-05;-0,0004125087;-0,0002584958
"242#1";-0,0007342027;-0,0003944594;3,129424E-05;8,208331E-05;-0,000425415;-0,0002869733
"243";-0,0009325236;-0,0006487485;7,622557E-05;0,000102996;-0,0004199269;-0,000409926
"244";-0,0007099124;-0,0002206171;-6,89771E-06;8,649778E-05;-0,0004459049;-0,0002032569
"245";-0,0006622589;-0,0003801014;1,633359E-05;9,346062E-05;-0,0004306072;-0,0003404929
"246";-0,0006560992;-0,000327709;4,47943E-05;8,194236E-05;-0,0004501064;-0,0003037103
"247";-0,0007589909;-0,0004477377;3,943869E-05;7,883654E-05;-0,0004296222;-0,0002880124
"248";-0,0009843332;-0,0006690403;7,402431E-05;7,677465E-05;-0,0004988829;-0,0003793827
"249";0,001098127;-0,0007774313;1,479381E-05;-2,77464E-05;0,0001046438;0,0001116987
"250";0,001018742;-0,0003886523;-0,0001343388;-8,31376E-05;0,0001662803;7,584856E-06
"251";0,0009098453;-0,0002583761;-2,11234E-05;-0,000440454;0,000108644;-3,769574E-05
"252";0,0009595012;-0,0006057136;9,853435E-05;-0,0003751066;9,245463E-05;-4,435324E-05
"253";0,001038407;-0,0006205171;-4,721457E-05;-0,0002768284;0,0002100527;2,407041E-05
"254";0,001043693;-0,0003604297;-7,980723E-05;-0,0002542476;0,000198706;-7,628394E-06
"255";0,00105291;-0,0005414625;-9,211604E-05;-6,71741E-05;0,0001341237;4,471771E-05
"256";0,001089891;-0,0006957311;-6,30753E-05;-7,469858E-05;0,000171459;8,113371E-06
"257";0,001116022;0,0001290625;-3,959319E-05;0,000337527;-8,981424E-05;0,0001825595
"258#1";0,001077808;0,0001676217;-2,566966E-05;0,0003604085;-6,832834E-05;0,0001323622
"259";0,001040951;9,600846E-05;-3,583572E-05;4,140106E-05;7,454472E-05;-0,0001378328
"260";0,001045492;9,060936E-05;-3,182136E-05;4,966054E-06;4,569078E-05;-8,226324E-05
"261";0,001013545;0,000118994;-1,965446E-06;-6,48833E-05;3,438175E-05;-0,0001189963
"262";0,001004496;0,0001412929;-3,779868E-05;1,900783E-06;5,813933E-05;-5,937198E-05
"263";0,001020233;0,0004277996;-0,0001366202;8,539169E-05;1,828429E-05;-0,0002190713
"264";0,0009768886;0,0004889147;-0,0001701291;0,0001257431;1,83441E-05;-0,0002633099
"265";-0,000496475;0,0005187787;-1,139602E-05;0,0001154864;-0,0002829046;-6,999519E-05
"266";-0,0005055916;0,000500264;-1,964021E-05;6,634579E-05;-0,0003164764;-6,209106E-05
"267";-0,0006045771;-0,0001831925;0,0001156843;0,00011264;-0,000429307;-0,0002078119
"268";-0,0008210678;-0,0002377367;0,0001193185;0,000102573;-0,0004182917;-0,0002783242
"269";-0,0008124636;-3,473742E-05;5,074002E-05;7,22229E-05;-0,0004244605;-0,0002881333
"270";-0,0005477465;0,0002811982;2,983108E-05;0,0001220447;-0,0003840239;-0,0001628799
"271";-0,00069318;-0,0003100593;0,0001593582;0,000132545;-0,0004044282;-0,0002596489
"272";-0,0007161278;-0,0003889836;0,0001170244;9,158406E-05;-0,0004316469;-0,0002686787
"273#1";0,001013985;0,0005290785;6,610915E-05;0,0003667726;-0,000300005;7,768172E-05
"274";0,0009722056;0,0005208093;0,0001094967;0,0003610282;-0,0002597892;-1,595967E-05
"275";0,00063268;8,962336E-05;6,90927E-05;0,0002157346;0,0003687956;-0,000327413
"276";0,0006501179;8,796404E-05;9,475929E-05;0,000188193;0,0003688979;-0,0003035541
"277";0,0001005355;0,0008307765;-0,0006457058;-0,00122446;0,0006897529;-5,593683E-05
"278";3,914628E-05;0,0007504317;-0,0006697312;-0,001295881;0,0007447109;-6,157672E-05
"279";0,000631573;0,00031714;2,866078E-05;0,0001555959;0,0003178795;-0,0003347487
"280";0,0006410449;0,0003261428;1,775031E-06;0,0001896499;0,0003308329;-0,0003500771
"281";-2,87931E-05;-0,0002624222;0,0002530224;1,108291E-05;-3,629038E-05;0,0001816519
"282";-1,907725E-05;-0,0004057256;0,000280565;1,78822E-05;-0,0001050206;0,0002613768
"283";0,0009596534;0,0006890714;4,543102E-05;0,0002811449;-0,0002139048;-1,357293E-05
"284";0,0009787658;0,0006989932;7,890736E-05;0,0003480033;-0,0002617234;5,932003E-06
"285";0,0006544646;0,0004641094;3,690398E-05;0,0001920583;0,0002169034;-0,0002283523
"286";0,0007092746;0,0004406237;4,463807E-05;0,000210983;0,0001993909;-0,0002749147
"287";0,0006828737;0,001497151;-0,0003101412;7,69561E-05;3,757064E-06;0,0002821845
"288";0,0007860321;0,001597951;-0,0001898414;0,0001014915;-0,0001185019;0,0003632067
"289";-0,001750925;-0,0001124187;4,654745E-05;-3,867221E-06;-6,397889E-05;0,000126119
"290#1";-0,001273171;-2,100147E-05;3,046467E-05;1,83644E-05;-9,747074E-05;0,0001826195
"295";0,0001620346;0,0008448839;0,001463998;-0,002328108;-0,001123072;0,0001879156
"298";0,0001783714;0,0008778402;0,001358242;-0,002183682;-0,001056969;0,0001740807
"301#1";-0,005769372;2,734776E-06;-1,196054E-05;-0,0001683515;1,946178E-05;0,0002065238
"302";-0,005541765;6,991018E-05;2,586615E-05;-0,0001259553;-1,234194E-05;0,0001261836
"340";0,0009605068;0,001655247;-0,0002349426;5,714316E-05;-7,465929E-05;0,0001531011
"341";0,0009210386;0,001627027;-0,000262283;9,24798E-05;2,14375E-05;0,0002263287
"342";0,0009859748;-8,253856E-05;-0,0002476089;-0,0002883562;0,0001071345;-9,149512E-05
"343";0,001068911;-0,0006509001;-9,361944E-05;-0,0002437072;0,0001344487;-3,944329E-05
"344";0,000956716;0,0001557386;-0,0002016418;-0,000323119;0,0002195499;-4,614341E-05
"345";0,0009866263;-2,807461E-05;-0,0001932589;-0,0003097428;0,0002031962;-2,420814E-06
"346";0,0009831601;-5,855064E-05;-0,0002742344;-0,0002761924;0,0001244456;-0,0001563448
"347";0,001061111;-0,0003512629;-0,0002030212;-0,0002197992;8,410918E-05;-5,252925E-05
"348";0,0003803819;-0,0004375321;-0,0001804346;-0,0003923804;0,0002703776;-8,205149E-05
"349";-8,062485E-05;-0,0003670896;-0,0001917451;-0,000354618;0,0001827485;-0,0001425131
"350";-0,000168168;-0,0002625338;-0,0001092429;-0,0002125063;0,0001598598;-0,0001236859
"351";-0,0001974144;3,24286E-05;-0,0002086061;-0,0002949901;0,0002248479;-0,0001039455
"352";-0,0009072367;-0,0003814331;5,449807E-06;0,0001052223;-0,0003075011;-0,0004500413
"353";-0,0008591662;-0,0002702596;-4,129566E-06;0,0001222172;-0,0003168996;-0,0004689908
"354";-0,000797171;-0,0001486094;-3,050704E-05;0,0001468995;-0,0003443771;-0,0004110128
"355#1";-0,001149343;-0,0005478422;-3,267238E-05;9,542116E-05;-0,000442038;-0,0006193815
"356";-0,0005235624;-0,0001469558;2,351536E-05;0,00017465;-0,0002577443;-0,0003847886
"357";-0,0006123325;-0,000360752;6,090682E-05;0,0001777344;-0,0002772743;-0,0004869589
"358#1";-0,0001674696;-0,0001710226;-9,24627E-05;-2,153299E-05;0,0001966825;-0,0001655356
"359";-0,0002788333;-0,0003022864;-1,925079E-05;-5,762862E-06;0,0001572911;-0,0001478867
"360";0,0008417903;0,0001580714;-0,0001611678;-1,451922E-05;0,0002312649;-0,0002357802
"361";0,000838956;3,496123E-05;-0,0001432313;-9,580484E-05;0,0002653821;-0,000140335
"362";0,0008613401;-0,0001242498;-0,0001017097;-9,661803E-06;0,0002353363;-0,0001743553
"363";0,0008427458;0,0001466441;-0,0001576001;-3,434361E-05;0,0002229329;-0,0002398736
"364";0,0001521079;-0,0001172142;-0,0001929395;-0,0003181171;0,0002140736;-8,831033E-05
"365";6,040049E-05;-0,0001834364;-0,0002473057;-0,0004376739;0,0002739778;-0,0001503059
"366";2,988834E-05;-9,268236E-05;-0,0002029948;-0,000265189;0,0002496428;-0,0001127273
"367";0,0002279742;-0,0001676665;-0,00019655;-0,0003324151;0,000261323;-0,0001216127
"368";-0,0002767552;-0,000305249;-0,0001140276;-0,0001936466;8,840566E-05;-0,0001354474
"369";-0,0002875961;9,887852E-05;-0,0002194481;-0,0002884134;0,0001184135;-0,0001705526
"370";-1,03048E-05;-0,0001672235;-0,0001286976;-0,0002618585;0,0001843991;-9,629723E-05
"371";0,0002499049;-0,000107409;-0,0001278975;-0,0002360239;0,0001914613;-8,646816E-05
"372#1";-0,0001907644;0,0002820604;7,229092E-05;-4,754949E-05;-0,0001086606;-6,595944E-05
"373";-0,0002158886;0,0002773261;0,0001174824;-6,298455E-05;-9,141831E-05;-5,114589E-05
"374";0,0007972956;6,003284E-05;-9,336342E-05;-0,0003809817;0,0002712574;-7,124274E-05
"375";0,0007630457;4,564294E-05;-8,753965E-05;-0,0003957562;0,0002780848;-0,0001149522
"376";0,0008002719;1,461089E-05;-3,365188E-05;-0,0004001621;0,0002817438;-6,237801E-05
"377";0,0008017102;6,190586E-05;-8,306137E-05;-0,0003843278;0,0002664801;-0,0001082984
"378";-0,0001732042;0,0002995729;0,0001158062;-0,0001082073;-0,0001039356;-7,782618E-05
"379";-0,0002789526;0,0001621028;0,0001397557;-8,462047E-05;-7,766038E-05;-5,00473E-05
"380";-0,0004313515;8,214015E-05;0,0001826502;-0,0002271763;-0,0001653635;-0,0001200248
"381";-0,0004281248;0,0001219133;0,0001453268;-0,0001643179;-0,0001689604;-8,187519E-05
"382";-0,0004419181;3,703499E-05;0,0001812337;-0,0001802499;-0,0001530412;-0,000149943
"383";-0,0004373267;2,524896E-05;0,0001773002;-0,0001944136;-0,0001273571;-0,0001312771
"384";-0,000397043;0,0002076664;0,0001683063;-0,0001767032;-6,571502E-05;-0,0001136954
"385";-0,0003093311;9,434736E-05;0,0001563945;-0,0001912647;-6,631002E-05;-0,0001519186
"386#1";-6,654672E-05;-0,000725506;0,0001991967;6,445255E-05;0,0001061215;-7,69976E-05
"387";0,0002431469;-0,0006357434;0,0002189717;4,493308E-05;-0,000129093;-4,807652E-05
"388";0,000318602;-0,0008654579;0,0002384347;2,668517E-05;-0,0001474123;-8,613145E-05
"389";0,0008376689;-2,893191E-05;2,963879E-05;6,380254E-05;0,0001598959;-0,0001486226
"390";0,0008388119;-0,0002712847;8,139602E-05;1,808754E-05;0,0001116104;-3,726594E-05
"391";0,0008891844;-0,0004155927;9,453666E-05;2,54596E-05;0,0001381668;-6,372141E-05
"392";0,0008660886;7,517646E-05;-1,060627E-05;5,844141E-05;0,0001591635;-0,0001996889
"393";0,0008566828;-4,938242E-07;3,961121E-05;4,884658E-05;0,0001223626;-4,502536E-05
"394";0,0008444539;-0,000120535;5,229132E-05;2,154187E-05;0,0001859981;-8,220756E-05
"395";0,000851939;-0,0001942215;6,221546E-05;7,751006E-05;0,000128114;-0,0001448696
"396";0,0008925188;-0,0001913279;5,800241E-05;8,652507E-05;0,000138747;-0,0001545864
"397";-0,0001973422;-0,0002859825;-3,569898E-05;-5,771057E-05;0,0001240563;-0,0001312114
"398";7,359491E-05;4,694795E-05;-7,115964E-05;-3,086634E-05;0,0001354448;-0,0001246953
"399";-0,0003649418;0,000116006;0,0001471928;-0,0001504152;-0,0001158771;-0,0001061136
"400";-0,0005544588;2,190446E-05;0,0002077951;-0,0002483828;-0,00012064;-0,0001313309
"401";0,0008769689;-2,000028E-05;0,0001292523;7,5531E-05;4,402238E-05;-8,139967E-05
"402";0,0009088514;7,942719E-05;0,0001032946;0,000102833;6,398831E-05;-0,0001000782
"403";0,0008917009;-0,0002825181;0,0001027082;-2,833589E-05;-2,21551E-05;0,0001161818
"404";0,0009234488;-0,0005562334;0,0002225215;2,990207E-05;-9,042102E-06;0,0001418417
"405";0,0008864153;0,0001570646;5,541975E-05;0,0001592115;-3,998868E-05;-9,429148E-05
"406";0,0009434875;-0,0002339134;0,0001155792;0,0001475822;-5,070752E-05;-3,879123E-05
"407";0,0009216602;0,001733668;-0,0001616157;0,0002001233;-0,0001444508;0,0002479381
"408";0,0008650892;0,001719809;-0,0001995292;0,0001502553;-0,0001626705;0,000276819
"409";0,001081729;-0,0003088967;-7,463044E-05;-0,0001894974;-0,000273149;0,000386652
"410#1";0,001115803;-0,0003304989;-5,90042E-05;-0,0001453574;-0,000280897;0,000367111
"411#1";0,001238818;-0,0009413422;-1,165293E-05;-0,0002991539;-0,0004566855;0,0003646644
"412";0,001260139;-0,0008988057;-1,056887E-05;-0,0002954607;-0,000408515;0,0003732513
"416";0,0009188806;-0,000107111;5,440327E-05;0,0001579635;8,834968E-05;0,000102784
"417";0,001050586;-0,0002013923;-0,0001250633;-0,0003532901;0,0001454438;0,0002159973
"418#1";0,001039508;-5,695174E-05;-0,000118317;-0,0002448087;0,000103604;0,0002649068
"419";0,0009822811;-0,0002349817;-0,0001116654;-0,0002961195;0,0001413702;7,245308E-05
"420";0,000970655;1,984975E-06;-0,0001461558;-0,0003268935;0,0002128045;3,644948E-05
"421";0,0008121523;-3,792233E-05;6,806959E-05;-0,000469816;9,476054E-05;-3,279742E-05
"422";0,000794462;-0,0001164729;0,0001263579;-0,0004720518;8,981671E-05;-1,313315E-05
"423";0,0008894029;3,94444E-05;-4,395322E-05;-0,0001654145;0,0001866952;0,0002805175
"424";0,0009090135;-4,37454E-05;-6,227052E-05;-0,0002070152;0,0001816541;0,0002875826
"425";0,0007078187;4,21669E-05;9,807617E-05;-0,0005082797;9,15468E-05;-3,073332E-05
"426";0,0007327619;-0,0001519215;4,395553E-05;-0,0004893411;0,0001351374;-0,000106199
"427";0,0008408382;0,001542146;-0,0001287711;0,000150533;-0,0001230905;0,0003414711
"428";0,0008299981;0,001601361;-0,0001583656;5,227823E-05;-0,0002014844;0,000501123
"429";0,0008569997;0,001564792;-0,0001524722;0,0001363971;-3,375882E-05;0,0002388227
"430";0,0009214647;0,001755633;-0,0001363807;6,092801E-05;-0,0002362445;0,0004164175
"431";0,0008817604;0,001724025;-0,0001245804;0,0001317301;-0,0001296543;0,0003650828
"432";0,0008940613;0,001625991;-0,0001421731;0,0001856312;-0,0001888183;0,0004159836
"481";-0,0003237429;-7,647325E-05;0,0001272186;-1,978783E-05;-0,0001550478;3,742932E-05
"482";-0,000308;-5,821177E-05;0,0001165204;-4,933073E-05;-0,0001535746;5,461069E-05
"483";-0,0002538037;-4,083029E-05;0,0001182079;-1,211329E-05;-0,0001832033;3,616119E-05
"484";-0,0001931012;4,52473E-05;0,0001129103;-3,617335E-05;-0,0001455486;9,725508E-05
"485";-0,0001449591;3,081411E-05;0,0001124557;1,347905E-05;-0,0001440894;8,184055E-05
"486";-0,0001184725;4,328194E-05;0,0001086056;5,552285E-06;-0,0001366179;8,08746E-05
"513";0,0009903522;-7,577126E-05;3,67389E-05;2,893118E-05;-0,0001109548;0,0003177195
"514";0,0009980826;-7,944058E-05;6,802401E-05;1,664594E-05;-9,832518E-05;0,0002896947
"515";0,000996454;-0,0001654219;0,0001299647;7,246213E-05;-5,984819E-05;0,000480356
"516";0,001032433;-8,907363E-05;0,0001087164;8,783015E-05;-1,353442E-05;0,0004427368
"519";0,0009900891;-0,0004418172;0,000158646;5,580126E-05;-5,722549E-05;0,0003947521
"520";0,0009861906;-0,00065214;0,0001701756;9,670404E-05;-7,478311E-05;0,0004165736
"521";0,001063205;-0,0005834805;0,0001523083;8,584511E-05;-7,237558E-05;0,0004033621
"522";0,001008687;-0,0004615108;0,0001717341;9,409005E-05;-6,889385E-05;0,0003983485
"525";0,001008977;-6,609349E-05;-0,000148258;-0,0002400325;8,692056E-05;5,248534E-06
"526";0,0009629932;1,904042E-05;-0,0001680188;-0,0002528569;0,0001662488;-4,450383E-05
"527";0,0009650382;-6,40026E-05;-3,339532E-05;-0,0002603318;8,618642E-05;0,0001075568
"528";0,0009426904;8,54549E-06;-7,473031E-05;-0,0002856092;0,0001204612;5,761809E-06
"531";0,0009902088;0,0002674802;-0,0002534706;-0,0003311129;0,0001703738;0,0001964986
"532";0,001000594;0,000203647;-0,0001309165;-0,0002661296;0,0001513429;0,0002023582
"533";0,001004015;-1,598787E-05;-0,0001497661;-0,0003338122;0,0001765046;6,861739E-05
"534";0,0009814523;-7,056667E-05;-0,000162241;-0,0003616164;0,0001267619;2,846308E-05
"539";0,000839371;0,0003767289;-4,654274E-05;7,497168E-05;4,213817E-05;-3,06123E-05
"540";0,0008886813;0,0003979096;-7,863456E-05;0,0001090408;3,23458E-05;-9,883915E-05
"541";0,0009783008;3,546079E-05;-7,177552E-05;9,155559E-06;8,133095E-06;-1,16542E-05
"542";0,0008946984;0,0002330135;-7,78363E-05;9,440305E-05;0,0001357452;-0,0001641508
"543";0,0009236237;0,0002484505;-8,253992E-05;4,518545E-05;-8,847648E-06;4,551715E-05
"544";0,00093694;-0,0001733191;-1,146159E-05;2,253242E-05;4,424669E-05;3,983298E-05
"545";0,0009323934;-0,0001513941;0,000147139;0,000189585;-8,298492E-05;8,65428E-05
"546";0,0009494342;-0,0003533487;0,0001673441;9,466885E-05;-3,721269E-05;0,0001122846
"547";0,000948168;-0,0005318638;2,435098E-05;-4,781443E-05;8,06505E-05;0,0001200202
"548";0,0009019861;-0,0001297703;-6,40448E-05;-1,663392E-05;0,0001266853;-6,389371E-05
"553";0,0008370269;0,0005881308;-0,0002440442;-8,943602E-05;0,0001879044;-0,0002318645
"554";0,0009061247;0,0002332824;-0,0001061139;-1,95582E-05;0,0001391323;-1,559415E-05
"555";0,0008742408;0,0003450532;-0,0002925908;-0,0001880284;0,0002071076;-0,0002756671
"556";0,0008898065;0,0002647979;-0,0002210229;-0,0001265349;0,0001834808;-0,0001426925
"557";0,0008664128;0,0003774982;-0,0001972531;-7,607496E-05;0,0001517523;-0,0001790869
"558";0,0008871368;0,0001404183;-0,0001194015;-2,122725E-05;9,382311E-05;-8,948414E-05
"565";0,0007395825;-8,4397E-05;0,000279853;-0,0001111634;5,665988E-05;7,758792E-05
"566";0,00071664;-0,0001903552;0,0002762053;-6,487712E-05;2,00616E-06;2,831649E-05
"567";0,0009412645;3,894092E-05;1,044622E-05;3,175184E-05;-9,40973E-06;3,61657E-05
"568";0,0009232124;0,0002874307;-5,846267E-05;5,596444E-05;1,363509E-05;-2,433395E-05
"569";0,0009373417;-8,089764E-05;6,633298E-05;-2,168261E-06;-3,073839E-05;0,0001256696
"570";0,0009422828;5,815892E-05;6,721013E-05;1,366663E-05;-6,320038E-05;0,0001141248
"583";0,000863863;0,0004392744;9,955273E-05;0,0001684629;0,0001250473;0,0001590727
"584";0,0008956969;0,0001872401;0,0001524626;0,000177706;0,000160608;0,0001191697
